Data File :human
Query file:human_40n
LIMIT: 100000
0 60004 60006.9 58134812 0 1
1 7.1444 9.67139 4140 100000 0
2 0.506778 1.20349 83 100008 0
3 5.86973 9.85852 3296 100008 0
4 6.19362 8.63411 4324 100000 0
5 0.824006 10.6902 316 100080 0
6 0.094981 7.18784 37 2.46024e+06 0
7 0.575105 1.58054 93 100080 0
8 9.8011 11.9633 514 100002 0
9 3.75683 9.87775 128 100005 0
10 2.89407 4.90412 709 100002 0
11 0.131492 17.2821 33 5.83507e+11 0
12 4.70613 10.7144 205 100002 0
13 1.20742 6.50425 62 100096 0
14 1.48297 2.14933 143 100006 0
15 0.400864 1.67932 176 100188 0
16 161.582 162.434 319542 100000 0
17 60002.8 60006.3 20350809 0 1
18 6.66363 9.36585 2382 100000 0
19 7.95359 13.0713 1852 100000 0
20 6.50923 7.6117 1179 100000 0
21 0.030434 1.18538 36 156978 0
22 0.363398 1.47028 41 100198 0
23 61.3731 63.4887 6659 100000 0
24 60005.1 60006.9 257487454 0 1
25 6.56664 11.6393 733 100000 0
26 7.71818 15.3865 1559 100000 0
27 8.59488 20.715 1774 100000 0
28 60001.8 60008.1 15335521 0 1
29 7.59611 11.6229 1480 100000 0
30 60002.5 60006.3 2591861 0 1
31 21.3084 32.9245 10250 100000 0
32 60005.8 60007 68901272 0 1
33 0.335744 1.62002 48 100100 0
34 13.3595 24.1223 771 100000 0
35 60005.7 60007 101755460 0 1
36 59998.9 60008.4 28837098 0 1
37 7.25602 11.1432 1125 100000 0
38 6.00033 6.72315 1964 100000 0
39 7.45894 17.3703 789 100000 0
40 10.9407 14.1454 14505 100000 0
41 7.56216 9.53288 2457 100000 0
42 8.14282 9.29798 1793 100000 0
43 0.989829 6.55858 51 100062 0
44 9.03512 10.4987 3327 100000 0
45 147.915 152.302 13998 100002 0
46 12.3363 14.69 900 100000 0
47 8166.82 8167.79 1666720 100008 0
48 0.952842 1.9882 58 100020 0
49 0.027339 2.4449 37 494832 0
50 9.75358 12.3523 2429 100000 0
51 1.84876 2.58461 72 100002 0
52 4.405 7.30626 1368 100053 0
53 8.05391 9.39572 5984 100000 0
54 59999.3 60007.2 43307549 0 1
55 59994.3 60007 28962177 0 1
56 4.00342 7.06804 161 100000 0
57 2.74502 3.73312 5743 101898 0
58 59999.5 60006 77198343 0 1
59 10.7655 13.3093 14155 100000 0
60 13.8587 15.1782 35177 100048 0
61 2.40969 3.23607 99 100011 0
62 8.07204 9.35303 2247 100000 0
63 8.45287 9.98458 3517 100000 0
64 60005 60006.7 106022340 0 1
65 1.52536 1.94083 3507 100020 0
66 7.64058 11.2608 2214 100000 0
67 2.96875 24.6621 1268 100010 0
68 60004 60005.8 38533633 0 1
69 6.79692 7.34087 2113 100000 0
70 2.70389 2.82144 443 100000 0
71 9.74179 12.2607 9062 100000 0
72 0.335192 0.994908 696 864 0
73 60004.2 60006 2078873 0 1
74 5.62686 8.15349 981 100000 0
75 4.72086 4.96763 178 100000 0
76 59996.2 60006.3 61896613 0 1
77 14.561 16.6788 21580 100002 0
78 14.8037 15.6039 40627 100000 0
79 13.5431 19.2832 16328 100000 0
80 17.5563 18.8587 5796 100000 0
81 15.8657 17.0235 2038 100000 0
82 1.0445 4.89698 104 100007 0
83 59999.2 60006.6 7049893 0 1
84 7.97992 11.7608 1640 100000 0
85 0.076915 4.98969 35 103824 0
86 0.957665 7.34051 115 100100 0
87 8.49467 13.3073 1454 100000 0
88 2.15187 2.32447 818 100032 0
89 11.1961 17.1029 25248 100000 0
90 22.5262 29.9064 29385 100004 0
91 60004.8 60006.5 218801726 0 1
92 6.96441 13.2682 324 100000 0
93 60006 60007.6 23971742 0 1
94 1.63616 2.07219 59 100002 0
95 70.5399 84.6759 101574 100000 0
96 11.4013 13.5236 3889 100000 0
97 60000.1 60006.4 22058962 0 1
98 19.265 20.1475 8320 100000 0
99 0.547576 2.28733 83 100240 0
Average Search Time Per Query => 112.3274 ms!
Average Total Time Per Query => 116.0247 ms!
Average Recursive Call Count => 29890.3704
Total Number of Found Matches=> 583,517,224,034
#End Queries=> 81
