Data File :human
Query file:human_40n
LIMIT: 100000
0 60023.1 60026.6 39672801 0 1
1 8.69609 11.9732 4140 100000 0
2 0.888921 1.90673 83 100008 0
3 9.03047 13.9518 3296 100008 0
4 7.16463 10.5925 4324 100000 0
5 1.2777 16.3186 316 100080 0
6 0.198528 11.1449 37 2.46024e+06 0
7 0.666659 1.70596 93 100080 0
8 11.4557 15.3652 514 100002 0
9 4.26939 13.8539 153 100016 0
10 3.96656 5.88876 709 100002 0
11 0.192804 27.03 33 5.83507e+11 0
12 5.54205 12.8352 205 100002 0
13 0.932066 9.41535 62 100096 0
14 2.91938 3.74059 143 100006 0
15 0.375382 1.6 176 100188 0
16 242.498 243.576 319542 100000 0
17 60036.8 60041.8 13337021 0 1
18 8.36209 11.7252 2382 100000 0
19 8.0195 14.1598 1852 100000 0
20 7.86321 9.6256 1179 100000 0
21 0.036246 1.31912 36 156978 0
22 0.514309 2.04935 41 100198 0
23 82.9076 86.0652 12979 100000 0
24 60028.9 60032.1 182118264 0 1
25 7.78306 13.6582 733 100000 0
26 8.59453 17.7088 1559 100000 0
27 10.2038 24.9873 1774 100000 0
28 60017.5 60026.7 10579092 0 1
29 10.4126 17.2594 1480 100000 0
30 60019.7 60025.2 30090550 0 1
31 24.2717 37.6907 10250 100000 0
32 60037.8 60040.5 49176435 0 1
33 0.83639 2.53309 48 100100 0
34 32.8817 45.0599 771 100000 0
35 60032.1 60034.6 68308714 0 1
36 60027.6 60037.7 22031479 0 1
37 7.57772 11.8426 1125 100000 0
38 9.30705 10.6064 1964 100000 0
39 6.25363 16.8167 789 100000 0
40 15.8459 21.2617 14505 100000 0
41 6.65257 7.94201 2457 100000 0
42 7.16145 7.97385 1793 100000 0
43 1.11078 7.1082 51 100062 0
44 8.35355 9.74897 3327 100000 0
45 167.8 172.797 13998 100002 0
46 15.9771 21.4388 900 100000 0
47 10299.4 10300.5 1666720 100008 0
48 1.202 2.86192 58 100020 0
49 0.03565 3.40478 37 494832 0
50 13.4452 16.3071 2429 100000 0
51 2.79185 4.31588 72 100002 0
52 6.96625 10.7759 1368 100053 0
53 10.0934 12.696 5984 100000 0
54 60026.3 60035.8 31001349 0 1
55 60020.2 60032.3 20192704 0 1
56 9.70541 16.8196 161 100000 0
57 3.73965 5.55218 5743 101898 0
58 60033.3 60042.2 52907521 0 1
59 13.8189 16.6829 14155 100000 0
60 20.0809 22.2289 34947 100044 0
61 3.33356 4.33453 905 100004 0
62 9.23779 11.1405 2247 100000 0
63 14.3877 16.2745 3517 100000 0
64 60034.5 60037 74048673 0 1
65 1.79204 2.23063 3507 100020 0
66 7.09324 11.3833 2214 100000 0
67 3.52154 27.7755 1268 100010 0
68 60035.2 60037.7 26604962 0 1
69 31.2412 32.2733 53493 100000 0
70 3.63942 3.90521 465 100000 0
71 9.58199 14.0515 9062 100000 0
72 0.26762 0.400801 655 864 0
73 60032.5 60035.1 1489189 0 1
74 16.4798 22.8503 7148 100000 0
75 8.79544 10.5497 178 100000 0
76 60008 60026.9 42765803 0 1
77 20.2087 24.9085 21580 100002 0
78 19.4279 20.8491 40627 100000 0
79 15.6762 23.0696 16328 100000 0
80 21.425 23.7793 5796 100000 0
81 19.8453 21.4622 2038 100000 0
82 1.5247 5.5301 104 100007 0
83 8.53602 19.7587 1578 100000 0
84 13.1706 18.3442 1640 100000 0
85 0.087372 6.04171 35 103824 0
86 1.33063 13.0123 115 100100 0
87 60024.3 60031.8 25386040 0 1
88 3.12303 3.40054 818 100032 0
89 13.9738 22.9959 25248 100000 0
90 31.2474 42.138 29385 100004 0
91 60035.2 60037.1 176335683 0 1
92 7.36013 16.9075 324 100000 0
93 60025.6 60028.4 18193238 0 1
94 1.08933 2.74947 59 100044 0
95 81.8732 96.1729 101574 100000 0
96 96.9039 101.038 49455 100000 0
97 60036.8 60043.5 17450431 0 1
98 31.3331 32.5035 8320 100000 0
99 0.630136 2.14717 83 100240 0
Average Search Time Per Query => 143.5581 ms!
Average Total Time Per Query => 148.6218 ms!
Average Recursive Call Count => 31250.1111
Total Number of Found Matches=> 583,517,224,076
#End Queries=> 81
