Data File :human
Query file:human_40n
LIMIT: 100000
0 884.54 887.61 1814775 100000 0
1 21.3135 23.368 100631 100000 0
2 0.54329 1.14284 46 100008 0
3 60002.4 60006.1 59506332 0 1
4 5.52614 7.96324 4324 100000 0
5 1.24645 10.8594 62 100004 0
6 59998.1 60005.7 118126435 0 1
7 0.577768 1.25787 89 100080 0
8 38.0192 40.3023 103661 100002 0
9 224.234 230.548 4154 100032 0
10 3.10516 4.45068 1247 100002 0
11 0.113018 15.9582 35 1.71939e+12 0
12 6.63405 12.4197 5779 100002 0
13 0.69942 6.12845 44 100280 0
14 1.98441 2.69242 801 100006 0
15 0.401681 1.19907 455 100188 0
16 60005.8 60006.6 67947378 0 1
17 60002 60005.9 119915705 0 1
18 60003.2 60005.8 146475457 0 1
19 7.33564 11.6957 1852 100000 0
20 7.15729 8.15017 991 100000 0
21 28.6789 29.6901 49197 104652 0
22 0.366409 1.38099 92 100198 0
23 2.3004 4.55443 158 100000 0
24 2.07051 3.78659 1450 100012 0
25 7.32397 11.7272 1300 100000 0
26 9.59252 16.5185 22583 100000 0
27 8.94352 20.1948 2176 100000 0
28 60001.1 60006.2 38060888 0 1
29 10.2241 14.1539 33817 100000 0
30 4866.46 4870.02 465999 100041 0
31 20.8892 31.6335 13084 100000 0
32 9.49654 10.6599 622 100002 0
33 0.540257 1.8453 269 100100 0
34 1.70869 11.9015 177 100047 0
35 3.04725 4.72326 1239 100009 0
36 8.14875 16.9916 1155 100000 0
37 16.8989 20.5586 21424 100000 0
38 8.56679 9.24204 15345 100000 0
39 29.3186 38.5265 41985 100000 0
40 11.5435 15.0331 1741 100000 0
41 7.33458 8.35879 6221 100000 0
42 6.71236 7.55978 4483 100000 0
43 1.0043 6.14312 58 100062 0
44 33.67 35.008 132078 100000 0
45 60003.1 60007.1 45820596 0 1
46 13.7057 15.9366 1267 100000 0
47 225.056 226.027 406845 100008 0
48 1.5101 2.45912 54 100020 0
49 0.02539 2.20598 37 198744 0
50 7.89609 10.7155 2270 100000 0
51 3.16334 3.85204 140 100002 0
52 4.39595 7.84223 1489 100039 0
53 7.37921 8.56878 5984 100000 0
54 59997.9 60006.5 55847080 0 1
55 15.0463 26.4488 54840 100000 0
56 4.41896 7.26958 247 100000 0
57 60005.4 60006.4 27699334 0 1
58 60000.6 60006.8 111174364 0 1
59 60003.3 60005.7 17562904 0 1
60 60005.4 60007 6547269 0 1
61 2.90085 3.82466 152 100004 0
62 7.64647 8.93551 2248 100000 0
63 8.83646 10.9525 3386 100000 0
64 60003.1 60005.2 22392242 0 1
65 30948.7 30949.1 76092172 100002 0
66 6.09876 10.0924 2065 100000 0
67 59984.8 60005.6 37929440 0 1
68 60004.1 60005.9 189308208 0 1
69 7.09394 7.61244 4677 100000 0
70 2.52366 2.64266 385 100032 0
71 10.5316 13.1098 33699 100000 0
72 0.571826 0.886536 2214 864 0
73 60003.3 60005.5 4623924 0 1
74 5.42007 7.94124 973 100000 0
75 4.57183 4.85525 149 100000 0
76 59995.7 60005.5 57423611 0 1
77 3.13035 5.03769 600 100005 0
78 10.6208 11.3836 5330 100000 0
79 9.06658 14.2635 5065 100000 0
80 2952.14 2953.43 2337348 100000 0
81 15.085 16.1258 2083 100000 0
82 1.00511 4.1864 176 100007 0
83 59998 60004.8 22734382 0 1
84 7.6602 10.9134 3669 100000 0
85 0.066635 4.90058 35 100926 0
86 59997.4 60004 74272910 0 1
87 60001.2 60005.6 209559052 0 1
88 2.51351 2.66168 2146 100032 0
89 6.91571 12.2858 872 100000 0
90 60000.9 60007.7 139827480 0 1
91 60004 60005.6 22689827 0 1
92 60001 60007.5 290984685 0 1
93 60004 60005.7 86265940 0 1
94 1.74064 2.23307 61 100002 0
95 14.4867 28.0626 5812 100000 0
96 8.95627 10.9886 2402 100000 0
97 60000.8 60006.7 176511814 0 1
98 5781.64 5782.3 13428227 100000 0
99 37340.1 37341.1 89628237 100240 0
Average Search Time Per Query => 1116.5448 ms!
Average Total Time Per Query => 1119.8285 ms!
Average Recursive Call Count => 2465239.4000
Total Number of Found Matches=> 1,719,400,614,494
#End Queries=> 75
