29 35 26 18 19 27 33 20 23 30 37 25 32 34 28 31 39 16 21 38 24 17 22 36 15 14 6 12 13 1 8 5 7 4 11 10 3 0 2 9 
12 13 18 30 33 39 37 38 31 23 22 24 25 35 34 11 16 26 17 14 28 20 15 19 21 32 27 29 36 10 9 5 8 4 6 7 2 0 3 1 
27 35 26 37 39 23 25 30 31 38 28 36 32 29 24 34 22 13 33 14 15 11 16 1 18 19 10 17 12 21 3 2 0 20 4 7 6 5 8 9 
6 32 10 13 26 19 7 9 12 21 23 29 11 18 22 24 27 8 28 30 17 16 37 4 14 15 25 31 33 36 34 20 38 39 3 5 2 35 0 1 
30 23 39 17 22 29 31 34 37 36 28 38 24 33 16 21 35 27 19 11 12 18 32 25 20 13 9 26 14 15 8 10 7 1 2 6 0 3 5 4 
6 13 27 14 30 19 25 28 32 11 16 26 31 33 34 18 21 23 39 20 35 10 3 36 0 2 5 7 8 9 12 29 22 17 24 15 1 38 37 4 
1 17 32 8 22 35 10 16 23 34 37 39 4 12 36 5 6 24 14 25 30 38 28 13 19 18 9 15 0 2 3 7 33 29 26 31 27 11 20 21 
14 10 12 28 32 33 34 36 37 35 13 11 20 38 39 30 21 4 19 8 27 6 23 5 9 18 31 16 24 29 17 15 1 22 7 26 25 3 0 2 
17 14 16 28 30 33 23 24 25 39 13 18 26 35 29 20 7 8 10 36 22 34 32 9 37 21 31 27 12 19 11 15 38 4 6 3 1 5 2 0 
11 3 24 25 38 31 8 14 0 10 12 13 1 27 36 33 35 30 28 29 34 37 15 20 22 23 2 5 6 7 9 26 39 4 32 16 21 18 19 17 
15 1 8 2 16 20 26 6 7 17 21 4 18 19 9 11 13 14 25 28 3 12 27 29 31 5 10 22 23 24 0 32 30 33 34 35 37 39 36 38 
33 35 30 8 11 27 18 20 25 10 17 24 28 31 32 29 14 15 16 12 19 26 22 21 39 34 36 37 13 23 9 38 1 0 2 3 4 5 6 7 
20 2 16 1 29 21 31 10 14 19 11 26 4 25 36 15 37 27 3 17 24 38 18 30 6 7 8 9 13 5 12 22 28 39 33 35 32 0 23 34 
36 34 28 21 13 14 16 19 20 37 15 18 30 32 35 39 29 38 22 17 12 2 23 33 26 24 31 3 4 6 11 1 8 25 0 27 5 7 9 10 
9 3 6 11 15 17 12 4 10 16 8 7 5 1 14 13 2 0 21 18 19 26 23 20 22 28 24 25 27 29 30 31 32 33 34 35 36 37 38 39 
6 9 4 8 11 1 7 15 17 3 5 12 2 14 10 0 13 18 20 16 22 21 19 23 24 29 25 28 27 26 31 37 38 30 39 33 35 36 32 34 
9 12 18 24 1 7 13 23 32 26 0 33 6 8 30 38 11 22 29 37 10 28 39 27 34 15 17 35 19 25 20 21 14 31 36 2 5 16 3 4 
30 16 19 20 15 23 25 28 11 36 38 39 4 7 9 24 26 29 31 37 3 12 13 6 35 21 14 27 17 5 8 1 32 22 18 10 33 34 0 2 
14 17 15 7 16 20 11 13 18 0 4 5 6 8 19 3 12 1 9 2 10 21 24 25 22 23 27 26 30 38 36 31 32 34 37 28 39 29 35 33 
0 6 21 15 13 2 4 5 11 1 10 16 14 9 17 8 18 20 7 19 35 36 39 25 34 37 24 22 3 32 29 12 27 28 23 26 30 33 38 31 
11 27 14 16 6 7 9 12 17 25 26 19 20 15 5 8 37 13 4 10 28 18 38 31 29 36 0 34 3 39 21 23 24 35 30 2 22 32 1 33 
20 9 10 19 7 11 13 14 1 4 8 15 16 24 21 18 6 5 17 12 25 22 23 0 2 3 26 32 27 34 28 31 33 29 30 35 37 38 36 39 
17 19 20 23 27 26 13 18 24 25 16 12 21 28 14 22 15 4 5 8 9 29 11 6 7 10 32 3 30 31 35 36 37 33 39 2 34 38 1 0 
34 24 26 37 23 28 32 25 35 36 39 15 18 27 33 38 22 29 31 30 17 14 7 9 10 19 21 13 16 8 11 12 20 6 5 4 3 2 1 0 
25 27 23 22 24 32 28 30 26 31 21 29 33 20 34 39 12 13 19 11 14 38 35 16 10 18 17 15 4 36 37 9 3 5 8 0 6 2 7 1 
25 27 12 30 14 20 21 33 26 28 19 24 34 29 22 39 38 17 18 16 11 23 31 36 37 15 32 13 35 10 5 7 1 9 3 4 2 6 8 0 
19 25 8 10 22 29 31 13 4 5 6 7 9 12 26 27 28 34 37 38 39 11 33 35 36 14 21 20 23 30 24 15 16 17 18 32 3 0 2 1 
29 8 22 12 30 33 10 27 31 9 16 17 18 32 13 14 25 36 26 34 21 37 28 7 19 15 24 11 20 23 35 39 1 38 5 6 0 2 4 3 
9 8 19 26 28 30 31 32 35 36 4 5 11 23 27 29 38 39 10 14 15 33 37 12 16 25 6 7 2 13 24 3 17 18 34 20 22 1 0 21 
25 36 27 20 32 23 39 21 24 28 30 31 26 29 33 34 35 38 37 22 17 19 15 16 12 14 18 11 7 9 5 6 4 10 13 2 3 8 1 0 
34 15 32 35 14 16 23 29 33 25 8 12 31 36 37 38 39 30 17 11 13 10 22 28 26 24 18 9 7 19 21 27 6 20 5 3 4 2 1 0 
1 33 11 16 28 4 37 29 12 13 8 0 2 10 14 15 20 31 32 18 21 25 27 34 19 36 17 38 3 24 35 26 39 5 6 7 9 30 22 23 
15 16 13 29 14 21 30 33 18 19 25 28 31 27 34 17 23 20 24 22 12 32 1 35 26 36 37 2 10 3 38 39 0 4 9 11 6 8 5 7 
37 24 21 27 30 29 31 32 26 0 17 28 35 36 23 33 38 13 8 25 22 34 3 2 1 4 19 20 18 39 6 10 12 15 9 7 11 5 14 16 
3 21 25 4 22 9 11 14 32 36 13 26 27 29 31 17 12 20 24 28 7 15 23 16 19 33 37 39 2 34 30 5 10 6 18 35 38 8 1 0 
11 21 13 20 32 33 22 23 24 39 15 27 10 12 16 30 36 25 29 37 38 14 28 35 26 31 3 34 8 19 9 17 5 4 7 2 6 18 1 0 
6 19 12 15 16 27 13 17 7 9 10 31 36 0 2 4 5 29 33 37 11 22 35 20 25 26 24 21 28 30 8 23 1 18 38 39 34 3 14 32 
5 1 38 25 14 11 17 20 4 7 10 13 24 3 16 19 23 8 6 9 12 26 37 39 27 28 29 30 2 18 22 15 31 32 35 36 21 0 33 34 
10 7 11 3 1 15 17 13 8 9 12 14 18 5 2 4 0 6 16 20 25 21 19 22 23 24 26 27 28 29 32 31 30 34 33 36 38 35 37 39 
26 32 21 37 39 23 24 33 25 29 30 34 38 28 27 19 20 22 36 35 15 17 8 11 13 16 31 10 14 9 12 18 7 5 2 3 6 0 1 4 
18 35 3 14 25 11 7 16 37 1 9 17 6 8 10 15 23 13 21 36 4 19 0 2 38 12 22 5 20 27 29 24 39 32 26 34 33 28 30 31 
32 27 30 31 37 39 33 38 36 28 34 29 35 26 25 18 24 13 15 23 17 19 16 22 12 14 20 21 11 10 9 7 8 5 3 6 1 2 4 0 
33 22 5 21 24 26 31 28 19 27 29 32 23 30 35 37 34 36 38 39 20 15 25 3 14 10 18 6 7 17 16 4 8 11 9 13 12 0 2 1 
8 11 24 31 20 12 28 30 35 2 6 23 17 26 14 9 21 22 34 7 33 13 0 3 5 15 10 36 37 18 19 27 29 1 4 16 25 38 32 39 
2 3 4 6 1 5 15 16 10 12 7 0 13 14 8 9 11 17 18 26 30 19 20 27 29 25 31 32 24 23 21 28 34 33 39 38 22 36 37 35 
3 10 37 11 34 2 24 4 33 32 16 38 26 13 20 27 12 17 5 1 18 6 35 23 25 9 36 22 29 7 19 28 30 14 31 15 0 8 21 39 
1 3 10 4 5 13 8 14 16 9 15 0 2 12 7 11 17 6 18 25 21 22 24 31 19 27 28 29 32 26 30 23 20 33 36 34 35 37 38 39 
16 20 25 24 27 15 19 21 22 23 31 32 17 18 33 29 14 26 28 30 34 7 4 13 2 10 35 5 12 1 3 11 9 6 8 36 0 38 37 39 
38 31 29 33 35 36 37 39 24 34 28 30 32 15 27 23 12 25 16 20 21 11 14 26 22 13 8 18 19 9 17 7 10 4 5 6 1 0 2 3 
22 23 26 30 21 24 29 37 34 15 13 28 35 38 17 25 31 20 14 36 27 33 16 18 12 32 19 39 9 11 7 8 10 6 5 3 4 2 1 0 
37 39 35 23 29 33 38 19 25 31 20 24 26 28 22 32 34 36 17 30 27 7 18 21 16 10 11 12 3 9 13 8 6 15 14 0 1 4 5 2 
32 20 0 3 10 12 17 18 31 33 6 19 30 8 1 2 13 16 21 4 29 11 9 5 7 34 36 23 26 28 37 24 27 39 14 15 22 35 25 38 
16 0 28 2 24 34 3 5 6 26 32 8 11 7 13 17 19 20 22 15 23 10 4 27 9 29 25 31 33 14 30 12 18 21 35 37 39 1 36 38 
17 13 20 22 14 16 28 10 19 12 18 25 27 21 9 11 24 26 33 15 23 35 30 29 31 8 32 34 36 37 38 39 7 6 5 1 3 4 2 0 
5 8 9 24 33 3 14 17 21 25 26 27 6 16 32 35 36 12 19 34 11 15 18 23 20 22 37 0 38 39 1 2 4 29 28 30 31 10 7 13 
23 14 34 39 24 27 32 13 29 28 5 6 8 9 11 30 31 2 3 7 26 4 10 12 33 35 16 21 0 36 37 17 19 20 22 38 1 15 18 25 
23 13 34 15 28 17 26 30 33 16 32 27 39 22 11 18 35 19 12 31 25 29 24 36 14 21 37 38 9 20 7 10 4 5 6 8 3 2 1 0 
12 32 33 23 21 30 13 22 24 26 27 36 11 18 37 10 9 5 17 29 16 1 31 34 28 35 14 25 19 20 38 4 6 3 7 2 0 15 39 8 
5 24 3 13 15 7 23 9 26 28 29 31 35 36 37 38 14 30 33 6 10 11 12 27 32 34 39 8 0 1 2 4 25 19 17 20 16 22 18 21 
19 22 2 9 23 6 1 3 17 8 13 18 0 5 21 4 7 14 25 24 12 10 16 20 15 26 11 27 31 39 28 35 36 30 33 32 37 29 38 34 
12 25 8 7 11 22 9 14 23 24 13 16 20 21 17 6 19 5 15 26 10 18 4 27 3 28 1 29 32 30 0 2 33 37 31 39 34 36 38 35 
10 36 33 38 32 16 11 14 18 23 31 9 15 22 28 12 19 26 4 17 21 5 30 34 37 35 8 39 6 24 25 3 27 20 2 29 13 7 1 0 
27 22 34 28 12 19 29 11 21 26 35 32 36 16 24 10 18 38 14 13 25 20 30 39 23 33 15 31 3 7 37 17 9 0 6 2 4 8 1 5 
19 31 15 22 11 14 17 24 20 26 28 16 18 32 29 33 30 12 23 25 21 27 13 10 37 8 34 9 35 38 39 36 7 6 0 4 1 3 5 2 
21 24 33 15 10 14 22 19 30 12 35 13 16 18 32 38 11 20 23 9 26 28 27 25 29 34 17 31 36 3 7 37 5 6 39 4 1 2 8 0 
29 26 10 25 32 34 23 31 22 37 27 36 33 24 35 28 30 7 11 19 20 16 8 9 38 21 2 6 15 4 5 3 17 18 39 1 0 14 12 13 
19 37 23 30 35 38 39 24 26 29 33 22 28 31 20 32 25 1 4 7 8 15 9 14 16 17 18 27 21 36 34 10 3 2 5 6 0 11 13 12 
30 32 6 22 12 20 21 26 17 23 24 1 3 13 14 16 27 29 31 4 18 19 0 15 25 10 7 8 9 33 5 11 28 2 35 34 36 37 38 39 
37 20 30 21 22 28 35 36 18 19 23 25 39 26 29 38 32 34 27 17 24 31 33 13 15 12 16 11 14 10 0 7 1 8 3 6 2 9 4 5 
30 26 23 28 32 25 29 31 22 37 34 24 27 35 39 33 36 38 21 20 19 18 0 17 1 8 16 2 7 9 14 15 5 3 6 12 10 13 4 11 
1 7 9 6 2 4 5 11 0 8 10 3 12 13 16 14 15 21 23 24 22 17 20 19 25 27 30 28 29 18 26 31 32 35 36 38 33 34 37 39 
1 17 3 8 24 6 19 26 5 9 37 15 33 7 12 13 14 30 10 16 29 20 22 23 36 0 2 27 28 38 4 39 11 31 21 18 25 35 34 32 
20 12 31 14 18 13 21 22 38 9 28 33 19 23 11 17 32 34 26 10 27 0 16 30 15 29 39 24 25 2 35 36 3 37 1 4 5 7 6 8 
22 31 19 21 29 23 24 27 6 32 28 26 25 30 20 18 11 7 36 37 35 5 33 17 12 15 10 16 2 8 38 34 13 1 14 9 3 39 0 4 
28 33 36 32 37 3 7 17 22 20 21 23 25 27 34 35 18 24 19 26 29 0 1 2 9 11 13 15 5 6 14 4 8 10 38 12 30 31 16 39 
21 26 31 28 32 20 22 23 24 25 29 17 30 33 27 16 15 18 19 34 35 11 36 37 38 9 1 39 10 13 0 12 8 14 6 2 3 7 4 5 
1 29 38 37 11 14 26 27 15 28 30 9 31 32 35 18 10 36 6 3 4 5 7 0 2 8 19 17 23 13 25 33 34 39 16 24 12 20 22 21 
8 38 5 9 11 4 1 7 39 10 14 3 32 37 13 2 30 12 31 35 36 6 0 29 34 33 15 19 16 20 28 18 24 21 22 27 17 23 26 25 
11 22 10 29 5 7 14 21 25 26 28 27 2 19 16 8 13 15 0 17 35 6 20 23 9 30 31 4 12 24 1 32 36 33 3 18 34 37 39 38 
2 13 22 7 19 14 24 35 12 23 29 30 32 34 3 37 16 10 15 28 31 36 0 1 6 21 5 18 26 17 9 27 8 4 33 38 20 11 25 39 
5 14 6 12 17 7 15 9 16 4 19 20 21 10 13 8 11 22 18 3 38 23 32 2 36 1 33 37 29 0 35 24 31 39 26 28 34 25 30 27 
22 21 33 34 10 36 0 9 11 23 16 12 15 1 14 19 26 35 13 8 37 24 27 18 20 30 6 17 2 4 7 25 38 29 3 28 32 31 5 39 
21 5 6 22 28 24 25 10 20 26 3 4 11 13 14 7 29 27 16 19 23 17 12 8 9 15 2 30 18 1 31 32 0 37 39 34 35 36 38 33 
4 32 8 34 1 2 3 11 14 7 17 24 38 13 35 27 33 23 29 5 39 12 25 6 9 16 0 21 15 10 28 36 37 31 26 30 18 22 20 19 
31 15 27 19 21 22 33 25 28 23 24 20 26 29 30 32 11 13 16 17 12 14 18 38 36 34 37 39 4 9 10 5 7 8 35 6 3 2 0 1 
28 30 27 29 32 33 35 37 36 34 26 31 23 11 13 4 18 38 22 25 6 20 10 14 21 19 5 16 17 24 12 3 39 8 1 7 9 15 0 2 
8 1 13 12 24 27 15 16 17 23 28 9 0 3 7 30 32 33 34 35 37 38 4 29 36 6 21 19 20 22 18 26 14 25 10 11 5 31 39 2 
14 23 7 22 12 16 37 2 3 4 6 18 1 19 5 13 15 17 9 10 20 32 8 30 39 21 31 28 34 36 24 25 27 29 35 38 33 11 0 26 
10 16 8 7 14 21 9 17 19 13 22 11 12 23 24 6 15 18 20 3 25 0 2 4 30 36 34 27 26 39 37 1 5 28 38 29 35 32 31 33 
5 1 14 24 3 11 7 2 25 6 8 10 22 26 0 12 15 16 17 18 19 23 4 21 9 27 20 13 29 37 35 36 39 28 30 31 33 34 38 32 
16 7 24 17 0 6 9 10 2 3 4 13 14 15 19 23 25 5 26 8 11 12 1 20 18 22 31 33 36 27 32 21 28 35 30 29 34 37 38 39 
16 26 21 17 20 15 24 30 25 18 19 22 29 31 27 33 36 23 14 34 32 37 28 13 39 38 12 35 11 10 9 7 8 2 6 4 5 1 3 0 
3 1 9 0 2 6 7 8 11 14 4 5 12 13 15 16 17 18 10 19 39 27 29 28 37 26 30 22 38 20 23 24 31 33 25 32 35 36 34 21 
5 24 30 23 32 39 27 2 4 25 35 9 36 6 3 34 29 28 22 33 31 26 38 8 10 37 7 1 16 12 21 11 0 15 19 13 18 20 17 14 
4 10 5 3 0 8 9 2 11 7 1 6 12 13 14 18 21 15 16 17 20 22 19 27 23 25 26 30 24 32 28 33 29 31 34 36 35 37 38 39 
9 3 27 1 11 5 24 25 14 16 26 34 7 10 31 36 0 6 21 30 33 38 19 20 29 32 28 2 4 15 18 22 23 37 39 13 12 17 35 8 
18 25 3 12 29 11 19 7 17 35 38 24 34 14 9 27 23 6 15 13 22 28 10 30 5 39 31 21 20 16 37 2 4 8 36 33 32 26 0 1 
28 27 16 21 5 29 32 33 35 36 38 39 9 18 14 6 11 22 15 20 13 17 34 1 4 30 8 19 26 10 2 7 25 12 23 3 37 0 31 24 
5 4 11 27 19 25 21 23 7 36 33 3 13 18 6 0 2 35 38 12 20 37 14 9 29 17 16 32 34 15 28 30 1 10 8 22 26 24 39 31 
22 14 28 33 37 39 17 24 26 20 31 21 23 27 30 38 34 36 29 32 11 15 16 13 18 25 19 10 35 12 8 9 2 5 4 6 7 3 0 1 
