jinsun1117@martini:~/DAF/FINAL$ ./daf_1min -d human -q human_40n -a query4 -n 100 tee result4
Data File :human
Query file:human_40n
LIMIT: 100000
0 60002.8 60006 59802118 0 1
1 7.1796 9.14717 4140 100000 0
2 0.491957 1.12959 46 100008 0
3 5.71417 9.43704 3296 100008 0
4 5.1135 7.73838 4324 100000 0
5 0.814813 10.0777 316 100080 0
6 0.095066 7.58948 37 2.46024e+06 0
7 0.602548 1.38459 93 100080 0
8 9.62099 12.0034 514 100002 0
9 3.64886 9.83638 128 100005 0
10 2.72489 4.07005 709 100002 0
11 0.133516 15.9092 33 5.83507e+11 0
12 4.96524 10.4229 205 100002 0
13 0.976428 6.47956 62 100096 0
14 1.98379 2.72207 1177 100006 0
15 0.339448 1.19486 176 100188 0
16 155.616 156.441 319542 100000 0
17 60002.8 60006.2 21584003 0 1
18 6.60852 9.44626 2382 100000 0
19 7.3403 11.3924 1852 100000 0
20 5.95107 7.03856 1179 100000 0
21 0.033859 1.20505 36 156978 0
22 0.348825 1.50678 41 100198 0
23 4.1261 6.1468 6478 100000 0
24 60003.2 60004.9 287005558 0 1
25 5.89262 9.99672 733 100000 0
26 6.81492 13.9639 1559 100000 0
27 8.56883 19.2849 1774 100000 0
28 60001.1 60006.2 16305666 0 1
29 7.25722 11.0326 1480 100000 0
30 60004.1 60007.7 35801756 0 1
31 19.3527 30.5568 10250 100000 0
32 60005.9 60007.4 74643135 0 1
33 0.324663 1.58001 48 100100 0
34 12.947 22.1939 771 100000 0
35 60005.1 60006.3 117497665 0 1
36 59998.8 60007.5 31605173 0 1
37 7.21113 10.6207 1125 100000 0
38 5.87651 6.58877 1964 100000 0
39 5.82338 15.1785 789 100000 0
40 10.4396 13.3846 14505 100000 0
41 7.08937 8.15128 2457 100000 0
42 6.57233 7.39271 1793 100000 0
43 0.94177 5.81021 51 100062 0
44 7.13166 8.48623 3327 100000 0
45 133.017 136.959 13998 100002 0
46 12.0991 14.3854 900 100000 0
47 225.051 226.252 406845 100008 0
48 0.871749 2.36115 58 100020 0
49 0.026848 2.30312 37 198744 0
50 7.60968 10.0742 2429 100000 0
51 2.19258 2.91626 72 100002 0
52 3.73821 6.84513 1368 100053 0
53 8.06516 9.55962 5984 100000 0
54 59999.2 60007.2 48078927 0 1
55 59995.8 60007.1 31538636 0 1
56 3.49088 6.45895 149 100000 0
57 3.11677 4.10143 5743 101898 0
58 60002.4 60008.9 85352132 0 1
59 9.92516 12.3728 14155 100000 0
60 12.675 13.9088 34947 100044 0
61 2.89523 3.86319 1519 100008 0
62 6.8994 8.44914 2247 100000 0
63 7.43114 8.98066 3517 100000 0
64 60004.2 60005.8 115103839 0 1
65 24567.6 24568.1 60779393 100002 0
66 6.06915 9.74278 2214 100000 0
67 59985.5 60006.9 44578064 0 1
68 60005 60006.8 39796582 0 1
69 26.0572 26.6836 53493 100000 0
70 2.69619 2.82462 465 100000 0
71 9.5449 12.3805 9062 100000 0
72 0.299716 0.419126 655 864 0
73 60003.9 60005.9 2160565 0 1
74 8.52398 11.3629 7148 100000 0
75 4.22432 4.50567 178 100000 0
76 59997.3 60007.4 62931466 0 1
77 13.5629 15.6505 21580 100002 0
78 14.8381 15.9567 40627 100000 0
79 12.2112 17.6044 16328 100000 0
80 16.8959 18.1781 5796 100000 0
81 14.4639 15.56 2038 100000 0
82 0.960387 4.35285 104 100007 0
83 7.21199 14.1428 1523 100000 0
84 7.21065 10.5494 1640 100000 0
85 0.071885 4.55274 35 103824 0
86 0.772687 7.55871 115 100100 0
87 7.71847 12.0565 1454 100000 0
88 2.3716 2.55256 818 100032 0
89 9.773 15.3852 25248 100000 0
90 59999.5 60006.1 60144102 0 1
91 60004.2 60005.6 101927957 0 1
92 6.30587 12.2737 324 100000 0
93 60003.2 60005.4 27036512 0 1
94 0.648548 1.17562 59 100044 0
95 60.7078 73.5952 101574 100000 0
96 73.7382 75.9268 49455 100000 0
97 60001.1 60006.5 24352650 0 1
98 17.9949 18.6721 8320 100000 0
99 0.804038 1.81396 83 100240 0
Average Search Time Per Query => 320.8635 ms!
Average Total Time Per Query => 324.1237 ms!
Average Recursive Call Count => 775163.6125
Total Number of Found Matches=> 583,516,827,949
#End Queries=> 80

