Data File :human
Query file:human_40n
LIMIT: 100000
0 60003.4 60006.6 56900638 0 1
1 7.83893 10.705 4140 100000 0
2 0.495538 1.13441 83 100008 0
3 6.77863 11.2119 3296 100008 0
4 5.43353 8.06403 4324 100000 0
5 0.829297 11.3393 316 100080 0
6 0.095935 8.3963 37 2.46024e+06 0
7 0.562155 1.27697 93 100080 0
8 9.15951 11.2942 514 100002 0
9 3.26925 10.3947 128 100005 0
10 3.62214 4.89641 709 100002 0
11 0.132507 17.5242 33 5.83507e+11 0
12 4.81474 10.6616 205 100002 0
13 0.885579 6.7565 62 100096 0
14 1.49735 2.46174 143 100006 0
15 0.337634 1.14704 176 100188 0
16 162.882 163.771 319542 100000 0
17 60002.9 60006.3 20750466 0 1
18 6.71062 9.54522 2382 100000 0
19 6.88905 10.968 1852 100000 0
20 6.13943 7.28006 1179 100000 0
21 0.02969 1.12501 36 156978 0
22 0.329732 1.39335 41 100198 0
23 59.7589 61.7326 12979 100000 0
24 60006 60007.8 260158653 0 1
25 6.32656 10.8492 733 100000 0
26 6.50739 13.81 1559 100000 0
27 7.70872 19.0377 1774 100000 0
28 60002.2 60008 15557136 0 1
29 11.6587 16.9005 1480 100000 0
30 60002.4 60006.8 38146942 0 1
31 19.2125 30.4356 10250 100000 0
32 60005.1 60006.3 73142009 0 1
33 0.320511 1.56616 48 100100 0
34 14.1011 23.4745 771 100000 0
35 60005.1 60006.6 113000528 0 1
36 59997.6 60006.7 31539097 0 1
37 6.47126 9.7495 1125 100000 0
38 6.09097 6.79442 1964 100000 0
39 6.26327 15.3356 789 100000 0
40 10.1788 13.2197 14505 100000 0
41 6.50688 7.89342 2457 100000 0
42 6.82581 7.97645 1793 100000 0
43 0.925198 6.09008 51 100062 0
44 7.55323 8.84121 3327 100000 0
45 135.079 139.492 13998 100002 0
46 11.4852 13.7164 900 100000 0
47 7582.95 7583.86 1666720 100008 0
48 0.870391 1.87006 58 100020 0
49 0.026008 2.68499 37 494832 0
50 8.32418 10.8643 2429 100000 0
51 1.679 2.39884 72 100002 0
52 3.63968 6.92129 1368 100053 0
53 7.34329 8.84929 5984 100000 0
54 59998.4 60006.5 47873858 0 1
55 59995.3 60006.8 31312999 0 1
56 3.57527 6.39698 161 100000 0
57 2.62386 3.55666 5743 101898 0
58 60000.7 60006.6 84214561 0 1
59 9.281 11.5749 14155 100000 0
60 12.0219 13.1635 34947 100044 0
61 2.6547 3.48035 905 100004 0
62 7.58558 8.77848 2247 100000 0
63 6.86202 8.36497 3517 100000 0
64 60003.9 60005.8 114213010 0 1
65 1.39326 1.81229 3507 100020 0
66 6.66727 10.5804 2214 100000 0
67 2.93385 23.137 1268 100010 0
68 60005 60006.8 38744370 0 1
69 25.8861 26.435 53493 100000 0
70 2.73474 2.86561 465 100000 0
71 9.22746 11.9403 9062 100000 0
72 0.262185 0.368298 655 864 0
73 60005.6 60007.3 2078296 0 1
74 8.67613 11.4884 7148 100000 0
75 4.47504 4.71364 178 100000 0
76 59996.8 60006.8 63829646 0 1
77 13.4964 15.4325 21580 100002 0
78 13.8643 14.6649 40627 100000 0
79 13.0143 18.5908 16328 100000 0
80 16.5778 17.8027 5796 100000 0
81 15.2678 16.8297 2038 100000 0
82 1.2451 4.20803 104 100007 0
83 6.52333 12.8424 1523 100000 0
84 7.00663 10.0191 1640 100000 0
85 0.069941 4.66097 35 103824 0
86 1.28373 7.43282 115 100100 0
87 7.48517 11.6243 1454 100000 0
88 2.29876 2.46649 818 100032 0
89 9.68379 15.2909 25248 100000 0
90 20.7133 27.2125 29385 100004 0
91 60005 60006.3 279322478 0 1
92 6.09391 11.8801 324 100000 0
93 60004.8 60006.3 27219740 0 1
94 0.630804 1.08749 59 100044 0
95 64.5803 77.4536 101574 100000 0
96 72.4106 74.5965 49455 100000 0
97 60002.4 60007.8 24230817 0 1
98 17.8087 18.3608 8320 100000 0
99 0.494875 1.46302 83 100240 0
Average Search Time Per Query => 104.3165 ms!
Average Total Time Per Query => 107.9060 ms!
Average Recursive Call Count => 30885.7683
Total Number of Found Matches=> 583,517,324,065
#End Queries=> 82
