jinsun1117@martini:~/DAF/FINAL$ ./daf_1min -d human -q human_40n -a dag12_bfs_root_cent.dag -n 100 tee result5
Data File :human
Query file:human_40n
LIMIT: 100000
0 13.3028 16.5282 2482 100000 0
1 38.8216 41.4166 22488 100000 0
2 0.626008 1.462 86 100008 0
3 2.8864 7.67875 1772 100008 0
4 3.48195 6.37699 4084 100023 0
5 1.54203 15.4844 59 100006 0
6 0.119219 10.028 37 185136 0
7 0.784527 1.63644 501 100080 0
8 60004.2 60006.9 2990041 0 1
9 1.37819 7.96413 88 100004 0
10 38.4639 40.3393 133704 100002 0
11 0.108259 15.6961 33 1.71939e+12 0
12 60000.8 60006.2 62475669 0 1
13 6033.41 6039.51 11290155 100011 0
14 8.14167 8.95968 7287 100000 0
15 0.336359 1.24491 271 100188 0
16 60005.7 60006.7 78622553 0 1
17 6.6315 10.4703 1699 100000 0
18 10.3812 13.0847 10915 100000 0
19 6.26405 10.9327 1775 100000 0
20 5.97633 7.0846 1180 100000 0
21 0.035058 1.71174 37 195054 0
22 0.305737 1.39476 41 100198 0
23 3.34349 5.95989 6478 100000 0
24 2.58528 4.66696 184 100012 0
25 6.94154 11.9074 733 100000 0
26 13.829 20.7532 4692 100000 0
27 7.90828 20.0425 2000 100000 0
28 60000.6 60006.5 8992637 0 1
29 7.34809 11.7763 7273 100000 0
30 3686.34 3689.8 251487 100045 0
31 21.4004 32.374 13114 100000 0
32 9.08941 10.3699 1146 100002 0
33 1.44882 2.68897 124 100022 0
34 1.05937 9.62725 62 100006 0
35 2.42855 3.79641 201 100009 0
36 12.7335 21.0313 3968 100000 0
37 7.07148 10.3579 5448 100000 0
38 6.70997 7.39575 1984 100000 0
39 59996.8 60006.1 332988206 0 1
40 60003.4 60006.8 82441726 0 1
41 7.07878 8.60216 2457 100000 0
42 5.99969 6.88245 2481 100000 0
43 8.1665 13.5081 1675 100000 0
44 7.13218 8.81905 4031 100000 0
45 7.20623 11.2075 661 100000 0
46 11.7132 14.7053 1267 100000 0
47 60004.6 60005.6 88293290 0 1
48 1.29634 2.71581 3572 100020 0
49 0.105191 2.63583 38 100087 0
50 80.3425 82.8575 104859 100000 0
51 1.62884 2.40648 88 100002 0
52 1.36741 4.6231 148 100012 0
53 7.67376 8.92515 5984 100000 0
54 46.3736 54.1511 151092 100000 0
55 59995.2 60006.3 30671596 0 1
56 3.40387 6.41373 243 100000 0
57 34186 34187.1 44295451 100011 0
58 59999.4 60006 46386441 0 1
59 60004.3 60007 166987898 0 1
60 11.6923 12.9572 34921 100044 0
61 2.06222 3.01996 100 100011 0
62 6.88768 8.46084 2247 100000 0
63 7.55029 9.16309 3465 100000 0
64 0.201146 1.99432 63 100000 0
65 26.8113 27.3402 93568 100002 0
66 6.96824 10.8122 2212 100000 0
67 6.85472 27.1523 1596 100000 0
68 22.81 24.6473 3270 100000 0
69 6.6302 7.2506 4685 100000 0
70 2.07448 2.56922 442 100032 0
71 60003.5 60005.8 190874875 0 1
72 0.204399 0.770614 624 864 0
73 60004.5 60006.1 18604925 0 1
74 60004.7 60007.3 103359689 0 1
75 4.20756 4.50734 1943 100000 0
76 3.17094 12.7793 257 100000 0
77 18.677 20.7504 43833 100002 0
78 11.9409 12.7288 5827 100000 0
79 10.2576 15.7649 16328 100000 0
80 2582.79 2584.3 1807296 100000 0
81 9.22946 10.7271 3776 100000 0
82 1.12318 3.97344 110 100021 0
83 6.80415 13.3217 2446 100000 0
84 6.76218 9.84002 1698 100000 0
85 0.056156 4.36552 36 101808 0
86 0.764447 6.84561 41 100100 0
87 6.24249 10.3698 808 100000 0
88 1.76017 1.98231 612 100032 0
89 60002.7 60008.5 90912588 0 1
90 393.479 400.456 430841 100000 0
91 60004.7 60006.1 74475686 0 1
92 60002.4 60008.8 270496408 0 1
93 60003.9 60005.7 45149594 0 1
94 0.92188 1.39545 800 100044 0
95 10.0098 23.1786 7238 100000 0
96 14.2167 16.4256 13372 100000 0
97 0.074976 5.61241 37 6.93693e+06 0
98 16.3522 16.9806 15486 100000 0
99 0.722755 1.569 62 100240 0
Average Search Time Per Query => 572.7601 ms!
Average Total Time Per Query => 576.5189 ms!
Average Recursive Call Count => 709056.3253
Total Number of Found Matches=> 1,719,408,328,916
#End Queries=> 83

