Data File :human
Query file:human_40n
LIMIT: 100000
0 60022.1 60027.9 51129058 0 1
1 9.41114 12.3677 4140 100000 0
2 0.001553 0.373854 0 0 0
3 10.4444 15.9866 3296 100008 0
4 8.53098 12.2229 1943 100000 0
5 0.99731 12.2889 316 100080 0
6 0.172084 9.01902 37 2.46024e+06 0
7 0.670455 1.72942 93 100080 0
8 9.7996 12.2355 514 100002 0
9 3.58014 10.5292 128 100005 0
10 3.61807 5.14451 1511 100002 0
11 0.379903 22.1635 33 5.83507e+11 0
12 5.37847 11.7159 205 100002 0
13 1.03964 7.01872 62 100096 0
14 0.000916 0.372568 0 0 0
15 0.40002 1.4881 176 100188 0
16 171.242 172.255 328118 100000 0
17 60031.1 60035.2 18702898 0 1
18 7.17406 10.2652 2382 100000 0
19 7.23772 11.9094 1852 100000 0
20 7.13543 8.9867 1179 100000 0
21 0.099803 1.39779 36 156978 0
22 0.408449 1.73475 41 100198 0
23 0.000541 0.876967 0 0 0
24 60035.5 60037.5 235364168 0 1
25 6.07925 10.494 733 100000 0
26 7.88088 15.1199 1559 100000 0
27 17.8309 29.8418 17233 100000 0
28 60030.4 60036.2 15228726 0 1
29 7.03375 11.6145 1480 100000 0
30 0.00129 1.37561 0 0 0
31 19.2721 29.3457 10250 100000 0
32 60037.1 60038.8 71641866 0 1
33 0.312361 1.95816 48 100100 0
34 13.7962 22.4509 771 100000 0
35 60038.8 60040.1 110811760 0 1
36 60032.3 60040.9 28502385 0 1
37 7.24005 11.1174 1125 100000 0
38 7.19822 8.0098 1964 100000 0
39 6.76567 17.3656 789 100000 0
40 14.0011 18.1139 14505 100000 0
41 7.2272 8.39613 2457 100000 0
42 8.26773 9.27231 1793 100000 0
43 1.23886 7.78617 51 100062 0
44 8.49038 10.1604 3469 100000 0
45 149.947 154.859 13998 100002 0
46 13.5084 15.9221 900 100000 0
47 0.000825 0.347539 0 0 0
48 0.873413 1.98267 58 100020 0
49 0.000549 0.583639 0 0 0
50 6.82641 9.69593 8635 100000 0
51 2.21273 2.97932 72 100002 0
52 4.05251 6.74023 1489 100039 0
53 7.23873 8.57216 5984 100000 0
54 60033.2 60040.9 40525633 0 1
55 60023.8 60037.6 28283423 0 1
56 0.001235 1.87936 0 0 0
57 3.74935 5.30585 5743 101898 0
58 60021.2 60034.2 73757774 0 1
59 7.85107 10.8058 3066 100000 0
60 13.7995 15.3133 34947 100044 0
61 0.001008 0.433129 0 0 0
62 7.53903 9.03462 2247 100000 0
63 7.24699 9.10119 3517 100000 0
64 60035.2 60037.2 102205614 0 1
65 0.001032 0.265023 0 0 0
66 7.04826 10.7844 1972 100000 0
67 0.000996 5.42005 0 0 0
68 60034.6 60036.5 34332543 0 1
69 24.7184 25.3852 53493 100000 0
70 3.14544 3.39584 465 100000 0
71 9.28906 11.9365 9062 100000 0
72 0.251958 0.48304 655 864 0
73 60035.9 60037.8 1952023 0 1
74 7.57486 10.2933 7148 100000 0
75 4.40165 4.69908 178 100000 0
76 60021.2 60030.8 60383221 0 1
77 8.6774 10.9992 7925 100002 0
78 13.6799 14.348 40627 100000 0
79 12.8304 17.7196 16328 100000 0
80 14.7373 16.123 5796 100000 0
81 14.3268 15.3318 2246 100000 0
82 0.915023 4.33471 104 100007 0
83 5.9063 12.3569 1523 100000 0
84 6.98606 9.99697 3580 100000 0
85 0.140029 4.244 35 103824 0
86 0.905229 7.05351 115 100100 0
87 6.60463 10.8359 1454 100000 0
88 2.08818 2.27137 818 100032 0
89 5.87572 11.2857 1647 100000 0
90 0.000788 1.90046 0 0 0
91 0.000661 0.520383 0 0 0
92 7.15358 12.7449 324 100000 0
93 60039.1 60041.5 26805916 0 1
94 0.706874 1.17467 59 100044 0
95 61.2719 73.446 101574 100000 0
96 75.4411 77.6071 49455 100000 0
97 60028.8 60037.1 24716019 0 1
98 19.1217 19.7326 8320 100000 0
99 0.533277 1.54358 45 100240 0
Average Search Time Per Query => 10.9469 ms!
Average Total Time Per Query => 14.3606 ms!
Average Recursive Call Count => 9522.5357
Total Number of Found Matches=> 583,515,929,159
#End Queries=> 84
